obrot 90 -- y
Model:  - 1.000000 - 0.000000 - 0.000000 - 0.000000 - 0.000000 - 0.965926 - 0.258819 - 0.000000 - 0.000000 - -0.258819 - 0.965926 - 0.000000 - 0.000000 - 1.670629 - -33.306667 - 1.000000
Model:  - 0.000000 - 0.258819 - -0.965926 - 0.000000 - 0.000000 - 0.965926 - 0.258819 - 0.000000 - 1.000000 - -0.000000 - 0.000000 - 0.000000 - 0.000000 - 1.670629 - -33.306667 - 1.000000
obrot 90 -- z
Model:  - 1.000000 - 0.000000 - 0.000000 - 0.000000 - 0.000000 - 0.965926 - 0.258819 - 0.000000 - 0.000000 - -0.258819 - 0.965926 - 0.000000 - 0.000000 - 1.670629 - -33.306667 - 1.000000
Model:  - 0.000000 - 0.965926 - 0.258819 - 0.000000 - -1.000000 - 0.000000 - 0.000000 - 0.000000 - 0.000000 - -0.258819 - 0.965926 - 0.000000 - 0.000000 - 1.670629 - -33.306667 - 1.000000
